      0/29     3.38G     0.131    0.1348     0.037    0.3027       143       640    0.1844    0.3401    0.1828   0.06772    0.1092    0.2328   0.02994
      1/29     3.59G    0.1123    0.1702   0.02815    0.3106       244       640    0.2654    0.4079    0.2586   0.09563    0.1059    0.2398   0.02806
      2/29     3.59G    0.1101     0.174   0.02589    0.3099       118       640    0.3509    0.3562    0.2819    0.1147    0.1051     0.239   0.02618
      3/29     3.59G    0.1075    0.1755   0.02465    0.3076       220       640    0.4388    0.3722    0.3382    0.1506    0.1019    0.2379   0.02573
      4/29     3.59G    0.1055    0.1734   0.02341    0.3023        39       640    0.4901    0.3767    0.3636    0.1667    0.1004    0.2316   0.02431
      5/29     3.59G    0.1044    0.1713    0.0227    0.2985        33       640    0.5042    0.3931    0.3772    0.1724       0.1    0.2346   0.02416
      6/29     3.59G    0.1032    0.1716   0.02217     0.297       191       640    0.4937    0.3976    0.3776    0.1758   0.09991    0.2338   0.02391
      7/29     3.59G    0.1025      0.17   0.02168    0.2942       113       640    0.5243    0.3878    0.3813    0.1747   0.09973    0.2324   0.02366
      8/29     3.59G     0.102    0.1695   0.02151     0.293        63       640    0.5639    0.3993    0.4036     0.193   0.09874    0.2316    0.0232
      9/29     3.59G    0.1021      0.17   0.02124    0.2933        81       640    0.5273    0.4173    0.4075     0.197   0.09847    0.2299   0.02317
     10/29     3.59G    0.1012     0.169   0.02075    0.2909       166       640    0.5485    0.4151    0.4138    0.2009   0.09826    0.2294   0.02301
     11/29     3.59G    0.1007    0.1669   0.02066    0.2883        66       640    0.5553     0.416    0.4146    0.1989   0.09829    0.2297   0.02284
     12/29     3.59G    0.1009    0.1683   0.02038    0.2896       236       640    0.5802     0.421    0.4291    0.2098   0.09783    0.2295   0.02276
     13/29     3.59G    0.1005    0.1657   0.02022    0.2864       238       640    0.5438    0.4429    0.4315    0.2123   0.09774    0.2298   0.02262
     14/29     3.59G    0.1006     0.169   0.02012    0.2897       114       640    0.5801    0.4325    0.4359    0.2151    0.0974    0.2281   0.02237
     15/29     3.59G   0.09992    0.1656      0.02    0.2855       163       640    0.5867    0.4302    0.4364    0.2145   0.09743    0.2288   0.02242
     16/29     3.59G   0.09976    0.1655    0.0197     0.285       139       640     0.565    0.4445    0.4391    0.2196   0.09707     0.229   0.02231
     17/29     3.59G   0.09939     0.164   0.01958     0.283        51       640    0.5845    0.4311    0.4372    0.2182   0.09702    0.2286    0.0223
     18/29     3.59G   0.09925    0.1637   0.01952    0.2824       251       640    0.5939    0.4267    0.4422     0.222   0.09694    0.2281    0.0223
     19/29     3.59G   0.09881    0.1641   0.01933    0.2822        47       640    0.6151    0.4243    0.4448    0.2228   0.09679    0.2278   0.02211
     20/29     3.59G   0.09929    0.1658   0.01921    0.2843       242       640     0.594    0.4333     0.445    0.2243   0.09652    0.2277   0.02219
     21/29     3.59G   0.09812    0.1629   0.01904      0.28       139       640    0.5856    0.4489    0.4522    0.2281   0.09653     0.228   0.02199
     22/29     3.59G   0.09862    0.1641   0.01905    0.2818        64       640    0.6235    0.4271    0.4509    0.2283   0.09635    0.2275     0.022
     23/29     3.59G   0.09861    0.1628     0.019    0.2804       171       640    0.5958    0.4477    0.4557    0.2307   0.09625    0.2267   0.02197
     24/29     3.59G    0.0984    0.1626   0.01884    0.2798       132       640    0.6317    0.4276    0.4531    0.2303   0.09626    0.2269   0.02201
     25/29     3.59G   0.09765    0.1584   0.01873    0.2748        40       640    0.5886    0.4468    0.4527    0.2294   0.09626    0.2281     0.022
     26/29     3.59G    0.0982    0.1615   0.01866    0.2784       261       640    0.5882    0.4525     0.457    0.2328   0.09594    0.2273   0.02178
     27/29     3.59G   0.09762      0.16   0.01853    0.2761        96       640    0.5914    0.4478    0.4556    0.2321   0.09608     0.227   0.02196
     28/29     3.59G   0.09809     0.162   0.01862    0.2787       134       640    0.6218    0.4437    0.4604    0.2357   0.09594    0.2268   0.02174
     29/29     3.59G   0.09789    0.1608   0.01856    0.2773       148       640    0.6032    0.4503     0.459    0.2354   0.09588    0.2264   0.02166
